A = [1,6;1,5;1,8];
b = [1;1]
y1= [1;1;1]  


(A*b-y1)*A